System 4
       ac_power
year           
2007  1009.8260
2008  1042.1450
2009  1022.8320
2010  1803.3210
2011  1147.8350
2012  2101.9460
2013  1118.2390
2014  1802.0990
2015  1126.7100
2016  1158.8080
2017   869.4875
2018  1090.9230
2019  1184.9400
2020  1111.4250
2021  1153.8350
2022  1091.8980
2023  1091.2920

System 10
      ac_power
year          
2000    248.57
2006   1239.40
2007   1243.90
2008   1164.40
2009   1263.40
2010   1387.50
2011   1746.60
2012   1448.40
2013   1364.00
2014   1441.90
2015   1400.80
2016   1378.20
2017   1315.00
2018   1330.10
2019   1339.50
2020   1276.50
2021   1294.40
2022   1243.20
2023   1153.90

System 33
      ac_power
year          
2010  2536.844
2011  7809.000
2012  2880.922
2013  2690.862
2014  2895.443
2015  2662.946
2016  2770.334
2017  2759.048
2018  2763.805
2019  2888.549
2020  2727.037
2021  2710.544
2022  2708.802
2023  2634.244

System 34
      ac_power_hW
year             
2010       1337.0
2011       1339.0
2012       1337.0
2013       1339.0
2014       1340.0
2015       1339.0
2016       1339.0
2017       1339.0
2018     119300.0
2019     133900.0
2020     133900.0

System 35
      ac_power_hW
year             
2010       1047.0
2011       1274.0
2012       1266.0
2013       1193.0
2014       1197.0
2015       1063.0
2016       1219.0
2017       1136.0
2018     106200.0
2019     122500.0
2020     108900.0

System 36
      ac_power
year          
2012    4039.0
2013    2203.0
2014    2377.0
2015    2131.0
2016    2192.0
2017    2142.0
2018    1979.0
2019    1884.0

System 50
         ac_power
year             
1822    -1341.000
1994     6999.000
1995     6999.000
1996     7454.600
1997     6884.200
1998     7024.900
1999     6898.500
2000     6621.500
2001     6850.400
2002     6687.200
2003     6797.943
2004  3191849.850
2005     6230.054
2006        0.009
2007        0.000
2008     6513.864
2009     7209.540
2011     7047.000
2012     7664.400
2013     7214.600
2014     7523.000
2015     6814.300
2016     7358.300
2017     5678.900
2018     5683.000
2019     5585.200
2020     5631.600
2021     5527.300
2022     5483.900
2023     5312.900

System 51
        ac_power
year            
1994  6999.00000
1995  6999.00000
1996  7656.80000
1997  7067.70000
1998  6949.70000
1999  6901.70000
2000  7044.90000
2001  6929.50000
2002  6733.10000
2003  6963.70000
2004  6877.10000
2005  6389.80000
2006     0.00304
2007    15.75000
2009  7341.90000
2011  7101.90000
2012  6800.70000
2013  6705.90000
2014  7115.60000
2015  7131.20000
2016  7883.20000
2017  7138.60000
2018  6985.30000
2019  6920.70000
2020  6971.90000
2021  7261.70000
2022  6783.70000
2023  6478.00000

System 1199
          ac_power
year              
2010  48156.691300
2011  49725.372600
2012  49773.500000
2013  49767.694400
2014  49774.089286
2015  49759.839286
2016  49784.696428
2017  49752.138889
2018  49785.000000
2019           NaN
2020           NaN

System 1200
      ac_power  ac_power_metered_kW  ac_power_inverter_artificial_sum
year                                                                 
2010       NaN                  NaN                        41674.4453
2011       NaN                  NaN                        47379.6207
2012       NaN                  NaN                        48662.7193
2013   41000.0                41.00                        48641.4001
2014   48120.0                48.12                               NaN
2015   48120.0                48.12                               NaN
2016   48080.0                48.08                               NaN
2017   48040.0                48.04                               NaN
2018   48060.0             48100.00                               NaN
2019       NaN             48120.00                               NaN
2020       NaN             48160.00                               NaN

System 1201
      ac_power_hW
year             
2011       1339.0
2012       1336.0
2013       1340.0
2014       1340.0
2015       1339.0
2016       1339.0
2017       1339.0
2018     132900.0
2019     134000.0
2020     134000.0

System 1202
          ac_power  ac_power_metered_kW
year                                   
2010  26609.176300                  NaN
2011  48615.419000                48.08
2012  48631.274800                48.04
2013  48592.140300                48.08
2014  48604.609523                48.12
2015  48634.066667                48.12
2016  48665.866667                48.08
2017  41792.552332                48.04
2018  45162.002821             48000.00
2019           NaN             48040.00
2020           NaN             47840.00

System 1203
      ac_power  ac_inverter_power
year                             
2011  199360.0           199900.0
2012  199120.0           200000.0
2013  199280.0           200000.0
2014  199280.0           200000.0
2015  199240.0           200000.0
2016  198960.0           200000.0
2017  199400.0           200100.0
2018  199520.0           200400.0
2019       NaN                NaN
2020       NaN                NaN

System 1204
          ac_power
year              
2011  72317.549500
2012  72798.948600
2013  72537.478100
2014  72674.254546
2015  43745.280304
2016           NaN
2017           NaN
2018           NaN

System 1208
      ac_power_metered_kW  ac_power_metered_1_2  \
year                                              
2011                501.3           501662.5000   
2012                506.2           507962.2000   
2013                505.1           506461.8000   
2014                506.7           510616.6000   
2015                506.1           508356.3000   
2016                505.4           507148.2000   
2017                506.9           508365.2000   
2018             493800.0           506947.0000   
2019             507700.0              990.8125   
2020             493200.0              987.6417   
2021             504700.0              231.4552   
2022             448700.0              143.0605   

      ac_power_inverter_artificial_sum  
year                                    
2011                          500.0534  
2012                        64711.3035  
2013                          500.1717  
2014                          500.7134  
2015                          500.6068  
2016                          500.0535  
2017                          500.0602  
2018                         7450.0750  
2019                       111586.7700  
2020                       324214.4000  
2021                       500000.0000  
2022                       430985.8000  

System 1214
       W_avg
year        
2011  4537.0
2012  4530.0
2013  4565.0
2014  4485.0
2015  3305.0

System 1217
       W_avg
year        
2011  3862.0
2012  3878.0
2013  3866.0
2014  3885.0
2015  3145.0

System 1219
       W_avg
year        
2011  6795.0
2012  6726.0
2013  6131.0
2014  7121.0
2015  4213.0

System 1221
       W_avg
year        
2011  7550.0
2012  7619.0
2013  7735.0
2014  7642.0
2015  6081.0

System 1223
       W_avg
year        
2011  7102.0
2012  7228.0
2013  7476.0
2014  6978.0
2015     0.0

System 1225
       W_avg
year        
2011  5227.0
2012  5277.0
2013  5052.0
2014  5391.0
2015  3189.0

System 1231
      ac_power
year          
2000    2960.0
2001    2880.0
2002    3120.0
2003    2920.0
2004    3000.0
2005    2920.0
2006    1880.0

System 1239
      ac_power_metered_kW
year                     
2011                18.02
2012                24.52
2013                23.78
2014                23.44
2015                23.86
2016                24.62
2017                22.36
2018             22800.00
2019             23620.00
2020              5920.00

System 1244
       W_avg
year        
2012  3040.0
2013  3064.0
2014  3150.0
2015  2981.0

System 1245
       W_avg
year        
2012  3108.0

System 1246
       W_avg
year        
2012  2981.0
2013  3055.0
2014  2993.0
2015  2964.0

System 1248
        W_avg
year         
2012  13643.0
2013  13897.0
2014  13895.0
2015  13847.0

System 1249
       W_avg
year        
2011     0.0
2012  4118.0
2013  4095.0
2014  4108.0

System 1250
       W_avg
year        
2011  3988.0
2012  3982.0
2013  3962.0
2014  3974.0
2015  3974.0

System 1252
       W_avg
year        
2012  4972.0
2013  4860.0
2014  4820.0
2015  4813.0

System 1253
       W_avg
year        
2011     0.0
2012  9332.0
2013  9166.0
2014  9118.0
2015  9396.0

System 1254
       W_avg
year        
2012  9106.0
2013  9223.0
2014  9244.0

System 1255
       W_avg
year        
2012  3421.0
2013  3443.0
2014  3441.0
2015  3558.0

System 1256
       W_avg
year        
2012  8097.0
2013  8168.0
2014  8274.0

System 1257
       W_avg
year        
2012  6238.0
2013  6157.0
2014  6135.0
2015  6268.0

System 1258
        W_avg
year         
2012  18215.0
2013  18067.0
2014  18261.0
2015  18152.0

System 1259
       W_avg
year        
2012  4951.0
2013  4915.0
2014  4282.0

System 1260
       W_avg
year        
2012  3478.0

System 1261
       W_avg
year        
2012  3481.0
2013  3469.0
2014  3512.0

System 1262
       W_avg
year        
2012  3462.0
2013  3427.0

System 1263
       W_avg
year        
2012  3421.0
2013  3427.0
2014  3457.0
2015  3526.0

System 1264
       W_avg
year        
2011     0.0
2012  3445.0
2013  3439.0
2014  3457.0
2015  3446.0

System 1265
       W_avg
year        
2012  2919.0
2013  3114.0
2014  3312.0
2015  3062.0

System 1266
       W_avg
year        
2012  3395.0
2013  3267.0
2014  3409.0
2015  3248.0

System 1267
       W_avg
year        
2012  3061.0

System 1268
       W_avg
year        
2011  3418.0
2012  3432.0
2013  3423.0
2014     0.0
2015     0.0

System 1269
       W_avg
year        
2012  3574.0
2013  3472.0
2014  3451.0
2015  3427.0

System 1270
       W_avg
year        
2012  3131.0
2013  3553.0
2014  3236.0
2015  3048.0

System 1271
       W_avg
year        
2012  3486.0
2013  3478.0
2014  3507.0
2015  3407.0

System 1272
       W_avg
year        
2011  1179.0
2012  9359.0
2013  9376.0
2014  9283.0
2015  9252.0

System 1273
        W_avg
year         
2011   2704.0
2012   5650.0
2013   5408.0
2014  10886.0
2015  10894.0

System 1274
       W_avg
year        
2011  4531.0
2012  6171.0
2013  6123.0
2014  6124.0

System 1275
      ac_power_metered_kW
year                     
2010               25.898
2011               25.352
2012               26.145
2013               26.746

System 1276
      ac_power_hW
year             
2011        496.0
2012        496.0
2013        497.0
2014        496.0
2015        497.0
2016        496.0
2017        496.0
2018      49600.0
2019      49700.0
2020      49600.0

System 1277
      ac_power_hW
year             
2011        366.0
2012        447.0
2013        420.0
2014        477.0
2015        469.0
2016        443.0
2017        419.0
2018      35300.0
2019      45200.0
2020      42700.0

System 1278
      ac_power
year          
2011  152000.0
2012  146200.0
2013  167200.0
2014  198600.0
2015  143400.0
2016  145500.0
2017  143800.0
2018  141600.0
2019       NaN
2020       NaN

System 1283
         ac_power  ac_power_metered_kW  ac_power_inverter_artificial_sum
year                                                                    
2012  498781.6000                496.4                          245.6068
2013  500163.8000                499.9                          250.0467
2014  501337.4000                499.2                          249.9534
2015  498949.8000                498.2                          249.9400
2016  499259.7000                499.2                          250.0000
2017  501353.0000                499.8                          249.5333
2018  502486.8000             465900.0                       232473.3000
2019     500.5403             500500.0                       250100.1000
2020     501.5437             500800.0                       250006.8000
2021     497.1323             496100.0                       249900.1000
2022     337.3748             337600.0                       168746.7000

System 1284
      ac_power
year          
2012  1938.908
2013  1828.867
2014  1896.454
2015  1552.266

System 1289
      ac_power
year          
2012  2016.795
2013  2017.802
2014  3591.367
2015  2010.737
2016  2003.666
2017  2002.574
2018  1948.130
2019  1891.970
2020  1639.906

System 1300
      ac_power
year          
2013   2677.78
2014   2559.07
2015      0.00
2016      0.00
2017   2579.56
2018   2667.06

System 1305
      ac_power
year          
2013   6989.88
2014   7236.02
2015   6906.38

System 1306
      ac_power_1_6
year              
2013      30441.11
2014      30294.77

System 1307
      ac_power
year          
2013  15329.38
2014  15328.21
2015  10218.73
2016  10216.09
2017  10186.32

System 1308
      ac_power
year          
2013  21334.90
2014  21329.64
2015  19985.59
2016  19727.50
2017  18866.92

System 1310
      ac_power_1_6
year              
2013      42665.98
2014      42660.90
2015          0.00
2016          0.00
2017      40427.83
2018      38990.42

System 1312
      ac_power
year          
2013  20847.01
2014  15988.90

System 1314
           RTW
year          
2013  453.5112
2014  453.4632
2015  452.9342
2016  453.6727

System 1315
           RTW
year          
2013  2481.840
2014  2488.199

System 1316
           RTW
year          
2013  1807.890
2014  1807.998

System 1317
           RTW
year          
2013  1074.025

System 1318
           RTW
year          
2013  904.1561
2014  903.6752
2015  899.5550
2016  225.4816
2017  225.0268

System 1319
           RTW
year          
2013  3073.926
2014  3084.909
2015     0.000
2016     0.000
2017  3073.565
2018  3076.763

System 1320
           RTW
year          
2013  1352.082

System 1321
            RTW
year           
2013  1130.8450
2014  1139.2570
2015  1131.6800
2016     0.0000
2017   676.3829
2018     0.0000

System 1322
         RTW
year        
2012  4.6715

System 1323
            RTW
year           
2013  1124.5330
2014  1128.2030
2015  1126.8010
2016   901.6195
2017   899.6409
2018   902.3629

System 1324
           RTW
year          
2013  384.6894
2014  413.1723
2015  354.8878

System 1325
           RTW
year          
2013  30806.39
2014  30877.03
2015  30847.97
2016  29311.42
2017  28923.13
2018  23156.62

System 1326
           RTW
year          
2013  15437.49
2014  15461.12
2015  10324.77
2016  10333.31
2017  10306.87

System 1328
           RTW
year          
2013  658.1479

System 1329
           RTW
year          
2013  43141.95
2014  43232.95
2015      0.00
2016      0.00
2017  41381.67
2018  41739.05

System 1330
           RTW
year          
2013  672.2399

System 1331
          RTW
year         
2013  22227.2
2014  22175.8

System 1332
      inv_total_ac_power  metered_ac_power
year                                      
2013        1.137500e+06            1137.5
2014        1.138647e+06            1139.1
2015        1.138047e+06            1138.5
2016        1.138160e+06            1138.7
2017        7.139133e+05            1138.2
2018                 NaN         1137700.0
2019       -7.096357e+03         1138500.0
2020        9.150000e+00         1138500.0
2021        5.537140e+01         1083700.0
2022                 NaN          640400.0

System 1367
        ac_power
year            
2013  224511.719
2014  258593.751
2015  245312.500
2016  262128.906
2017  262070.312
2018  262246.094
2019         NaN
2020         NaN

System 1368
      ac_power
year          
2013   31283.0
2014   34903.0
2015   32514.0
2016   32758.0
2017   34710.0
2018   30321.0
2019       NaN
2020       NaN

System 1369
      ac_power
year          
2013  116868.0
2014  118648.0
2015   52416.0
2016       NaN
2017       NaN
2018       NaN
2019       NaN
2020       NaN

System 1403
      ac_power
year          
2014       NaN
2015       NaN
2016  6464.114
2017  6252.004
2018  5962.136
2019  6277.947
2020  6361.089

System 1416
      real_power_kW
year               
2015        302.336
2016        338.880
2018          0.000

System 1418
      ac_power
year          
2015  43400.00
2016  44100.00
2017  43000.00
2018  41366.67
2019  42700.00
2020  41166.66

System 1419
      ac_power
year          
2015  31000.00
2016  40041.00
2017  40010.00
2018  37687.34
2019  37738.00
2020  38592.33

System 1420
      ac_power_KwAC
year               
2015           30.3
2016           30.3
2017        30300.0
2018        30300.0
2019        30300.0
2020        30300.0

System 1422
      ac_power_inverter_artificial_sum
year                                  
2014                          6153.820
2015                          6173.609
2016                          8655.296
2017                          6952.611
2018                          6283.756

System 1423
      ac_power_inverter_artificial_sum
year                                  
2015                          6206.879
2016                          6964.414
2017                          6945.761
2018                          6910.921
2019                          6849.330
2020                          6494.420
2021                          6892.007
2022                          6909.979
2023                          6791.461

System 1429
      ac_power_inverter_artificial_sum
year                                  
2016                          6960.531
2017                          6967.463

System 1430
        ac_power
year            
2009  333.386666
2010  333.820000
2011  333.120000
2012  333.100000
2013  333.026666
2014  333.193333
2015  332.933333
2016  333.226666
2017  333.600000

System 1431
      ac_power
year          
2009   672.000
2010  1071.832
2011   984.000
2012   984.000
2013   984.000
2014  1085.464
2015   984.000
2016  1640.000
2017   984.000
2018   492.000

System 1432
       ac_power
year           
2009  70.813333
2010  74.500000
2011  74.533333
2012  74.666666
2013  74.473333
2014  74.446666
2015  74.420000
2016  74.460000
2017  74.406666
2018  58.780000

System 1433
      ac_power
year          
2010     4.000
2011   388.000
2012   376.000
2013   380.000
2014   388.000
2015   388.000
2016   385.016
2017   380.000
2018   147.450

System 4901
      InvPAC_kW_Avg  PwrMtrP_kW_Avg
year                               
2014          238.9           239.3
2015          260.0           257.6
2016          258.9           256.9
2017          258.5           256.5
2018          243.1           240.7

System 4902
      InvPAC_kW_Avg  PwrMtrP_kW_Avg
year                               
2014          257.0           257.2
2015          258.0           258.0
2016          258.7           258.3
2017          258.1           258.4
2018          254.4           254.7

System 4903
      InvPAC_kW_Avg  PwrMtrP_kW_Avg
year                               
2014          74.43           75.99
2015          74.46           76.03
2016         179.20           75.96
2017          74.49           75.98
2018          57.67           58.96

