Printouts from src/data/pwr/ac_power_filter_maker.ipynb, unit_scale_consistency(), applied to rich-data parquet systems
[System 1200 omitted because I already knew it was a problem.]
[System 1416 omitted because < 1 year of data.]
System 4
       ac_power
year           
2007  1009.8260
2008  1042.1450
2009  1022.8320
2010  1803.3210
2011  1147.8350
2012  2101.9460
2013  1118.2390
2014  1802.0990
2015  1126.7100
2016  1158.8080
2017   869.4875
2018  1090.9230
2019  1184.9400
2020  1111.4250
2021  1153.8350
2022  1091.8980
2023  1091.2920

System 10
      ac_power
year          
2000    248.57
2006   1239.40
2007   1243.90
2008   1164.40
2009   1263.40
2010   1387.50
2011   1746.60
2012   1448.40
2013   1364.00
2014   1441.90
2015   1400.80
2016   1378.20
2017   1315.00
2018   1330.10
2019   1339.50
2020   1276.50
2021   1294.40
2022   1243.20
2023   1153.90

System 33
      ac_power
year          
2010  2536.844
2011  7809.000
2012  2880.922
2013  2690.862
2014  2895.443
2015  2662.946
2016  2770.334
2017  2759.048
2018  2763.805
2019  2888.549
2020  2727.037
2021  2710.544
2022  2708.802
2023  2634.244

System 34
      ac_power_hW
year             
2010       1337.0
2011       1339.0
2012       1337.0
2013       1339.0
2014       1340.0
2015       1339.0
2016       1339.0
2017       1339.0
2018     119300.0
2019     133900.0
2020     133900.0

System 35
      ac_power_hW
year             
2010       1047.0
2011       1274.0
2012       1266.0
2013       1193.0
2014       1197.0
2015       1063.0
2016       1219.0
2017       1136.0
2018     106200.0
2019     122500.0
2020     108900.0

System 36
      ac_power
year          
2012    4039.0
2013    2203.0
2014    2377.0
2015    2131.0
2016    2192.0
2017    2142.0
2018    1979.0
2019    1884.0

System 50
         ac_power
year             
1822    -1341.000
1994     6999.000
1995     6999.000
1996     7454.600
1997     6884.200
1998     7024.900
1999     6898.500
2000     6621.500
2001     6850.400
2002     6687.200
2003     6797.943
2004  3191849.850
2005     6230.054
2006        0.009
2007        0.000
2008     6513.864
2009     7209.540
2011     7047.000
2012     7664.400
2013     7214.600
2014     7523.000
2015     6814.300
2016     7358.300
2017     5678.900
2018     5683.000
2019     5585.200
2020     5631.600
2021     5527.300
2022     5483.900
2023     5312.900
System 51
        ac_power
year            
1994  6999.00000
1995  6999.00000
1996  7656.80000
1997  7067.70000
1998  6949.70000
1999  6901.70000
2000  7044.90000
2001  6929.50000
2002  6733.10000
2003  6963.70000
2004  6877.10000
2005  6389.80000
2006     0.00304
2007    15.75000
2009  7341.90000
2011  7101.90000
2012  6800.70000
2013  6705.90000
2014  7115.60000
2015  7131.20000
2016  7883.20000
2017  7138.60000
2018  6985.30000
2019  6920.70000
2020  6971.90000
2021  7261.70000
2022  6783.70000
2023  6478.00000

System 1201
      ac_power_hW
year             
2011       1339.0
2012       1336.0
2013       1340.0
2014       1340.0
2015       1339.0
2016       1339.0
2017       1339.0
2018     132900.0
2019     134000.0
2020     134000.0

System 1202
          ac_power  ac_power_metered_kW
year                                   
2010  26609.176300                  NaN
2011  48615.419000                48.08
2012  48631.274800                48.04
2013  48592.140300                48.08
2014  48604.609523                48.12
2015  48634.066667                48.12
2016  48665.866667                48.08
2017  41792.552332                48.04
2018  45162.002821             48000.00
2019           NaN             48040.00
2020           NaN             47840.00

System 1203
      ac_power  ac_inverter_power
year                             
2011  199360.0           199900.0
2012  199120.0           200000.0
2013  199280.0           200000.0
2014  199280.0           200000.0
2015  199240.0           200000.0
2016  198960.0           200000.0
2017  199400.0           200100.0
2018  199520.0           200400.0
2019       NaN                NaN
2020       NaN                NaN

System 1204
          ac_power
year              
2011  72317.549500
2012  72798.948600
2013  72537.478100
2014  72674.254546
2015  43745.280304
2016           NaN
2017           NaN
2018           NaN

System 1276
      ac_power_hW
year             
2011        496.0
2012        496.0
2013        497.0
2014        496.0
2015        497.0
2016        496.0
2017        496.0
2018      49600.0
2019      49700.0
2020      49600.0

System 1277
      ac_power_hW
year             
2011        366.0
2012        447.0
2013        420.0
2014        477.0
2015        469.0
2016        443.0
2017        419.0
2018      35300.0
2019      45200.0
2020      42700.0

System 1278
      ac_power
year          
2011  152000.0
2012  146200.0
2013  167200.0
2014  198600.0
2015  143400.0
2016  145500.0
2017  143800.0
2018  141600.0
2019       NaN
2020       NaN

System 1283
      ac_power_metered_kW  ac_power_inverter_artificial_sum
year                                                       
2012                496.4                          245.6068
2013                499.9                          250.0467
2014                499.2                          249.9534
2015                498.2                          249.9400
2016                499.2                          250.0000
2017                499.8                          249.5333
2018             465900.0                       232473.3000
2019             500500.0                       250100.1000
2020             500800.0                       250006.8000
2021             496100.0                       249900.1000
2022             337600.0                       168746.7000

System 1284
      ac_power
year          
2012  1938.908
2013  1828.867
2014  1896.454
2015  1552.266

System 1289
      ac_power
year          
2012  2016.795
2013  2017.802
2014  3591.367
2015  2010.737
2016  2003.666
2017  2002.574
2018  1948.130
2019  1891.970
2020  1639.906
1300
